GPBahrein 16 55 44 63 20 77 31 22 14 24
GPArabieSaoudite 1 16 55 11 63 31 4 10 20 44
GPAustralie 16 11 63 44 4 3 31 77 10 23
GPEmilieRomagne 1 11 4 63 77 16 22 5 20 18
GPMiami 1 16 55 11 63 44 77 31 23 18
GPEspagne 1 11 63 55 44 77 31 4 14 22
GPMonaco 11 55 1 16 63 4 14 44 77 5
GPAzerbaidjan 1 11 63 44 10 5 14 3 4 31
GPCanada 1 55 44 63 16 31 77 24 14 18
GPGrandeBretagne 55 11 44 16 14 4 1 47 5 20
GPAutriche 16 1 44 63 31 47 4 20 3 14
GPFrance 1 44 63 11 55 14 4 31 3 18
GPHongrie 1 44 63 55 11 16 4 14 31 5
GPBelgique 1 11 55 63 14 16 31 5 10 23
GPPaysBas 1 63 16 44 11 14 4 55 31 18